0 0.146875 0.76953125 0.17109375 0.2828125
0 0.2984375 0.778125 0.14296875 0.2875
0 0.44375 0.7765625 0.1484375 0.28125
0 0.60390625 0.771875 0.1453125 0.28046875
0 0.7390625 0.7734375 0.14296875 0.28515625
0 0.90390625 0.76953125 0.15390625 0.271875
0 0.1375 0.63671875 0.1515625 0.2703125
0 0.29375 0.63515625 0.159375 0.26328125
0 0.434375 0.6421875 0.1359375 0.27109375
0 0.5875 0.6359375 0.1390625 0.25703125
0 0.7421875 0.63046875 0.14296875 0.253125
0 0.89296875 0.63671875 0.14453125 0.26640625
0 0.12265625 0.5 0.14765625 0.27109375
0 0.278125 0.503125 0.14921875 0.27578125
0 0.43046875 0.5140625 0.146875 0.303125
0 0.578125 0.50625 0.15078125 0.26953125
0 0.73203125 0.50625 0.15703125 0.26953125
0 0.86640625 0.49765625 0.15625 0.265625
0 0.1078125 0.3578125 0.14453125 0.26796875
0 0.2625 0.35625 0.153125 0.2609375
0 0.4125 0.35546875 0.14453125 0.2625
0 0.56015625 0.35078125 0.1453125 0.2578125
0 0.709375 0.3578125 0.14296875 0.26796875
0 0.859375 0.35625 0.15234375 0.26796875
0 0.090625 0.2171875 0.1578125 0.2546875
0 0.24453125 0.22734375 0.13984375 0.27109375
0 0.3953125 0.221875 0.14453125 0.26484375
0 0.54609375 0.2265625 0.14609375 0.28203125
0 0.6953125 0.2265625 0.14609375 0.26953125
0 0.85078125 0.228125 0.16015625 0.27265625