0 0.371875 0.70859375 0.25546875 0.4390625
0 0.803125 0.80859375 0.13046875 0.2328125
0 0.93046875 0.80390625 0.115625 0.21953125
0 0.7984375 0.73828125 0.1171875 0.23125
0 0.9140625 0.740625 0.1203125 0.2390625
0 0.79765625 0.67578125 0.115625 0.2234375
0 0.909375 0.6671875 0.1109375 0.203125
0 0.7984375 0.60390625 0.11328125 0.22734375
0 0.9078125 0.60390625 0.10703125 0.203125
0 0.7890625 0.54453125 0.11875 0.20703125
0 0.903125 0.540625 0.09921875 0.19609375
0 0.79140625 0.48828125 0.1078125 0.184375
0 0.89765625 0.4765625 0.10390625 0.1765625