0 0.49375 0.6984375 0.28359375 0.51171875
0 0.16640625 0.30546875 0.09296875 0.1828125
0 0.2546875 0.3109375 0.08359375 0.18125
0 0.3328125 0.31328125 0.0859375 0.18046875
0 0.41796875 0.3109375 0.08359375 0.17265625
0 0.5046875 0.30703125 0.090625 0.1859375
0 0.58828125 0.3140625 0.0921875 0.1984375
0 0.67578125 0.3109375 0.08515625 0.17578125
0 0.75234375 0.30703125 0.08984375 0.1765625
0 0.83671875 0.31796875 0.0796875 0.18359375
0 0.12265625 0.2421875 0.08984375 0.184375
0 0.20859375 0.2390625 0.08828125 0.16640625
0 0.29609375 0.228125 0.0890625 0.16953125
0 0.3765625 0.2328125 0.08515625 0.1703125
0 0.46328125 0.2453125 0.084375 0.17109375
0 0.54609375 0.2484375 0.0765625 0.16484375
0 0.6234375 0.25078125 0.07734375 0.165625
0 0.70859375 0.2421875 0.08671875 0.1609375
0 0.79375 0.2359375 0.09140625 0.16015625
0 0.87265625 0.24375 0.06640625 0.1671875
0 0.125 0.16875 0.08203125 0.1625
0 0.2125 0.17265625 0.08046875 0.17109375
0 0.29453125 0.17265625 0.08203125 0.17109375
0 0.37734375 0.171875 0.08359375 0.18515625
0 0.4578125 0.16640625 0.08515625 0.17421875
0 0.54296875 0.175 0.07890625 0.171875
0 0.62734375 0.17109375 0.08125 0.17109375
0 0.71484375 0.1703125 0.078125 0.18203125
0 0.80078125 0.1875 0.084375 0.1765625
0 0.87734375 0.18984375 0.0796875 0.18515625