0 0.84609375 0.1734375 0.18515625 0.334375
0 0.66953125 0.175 0.17109375 0.33359375
0 0.49609375 0.175 0.1734375 0.325
0 0.33125 0.17109375 0.1640625 0.3328125
0 0.16015625 0.175 0.17109375 0.328125
0 0.846875 0.50234375 0.17109375 0.31640625
0 0.66875 0.509375 0.17265625 0.31875
0 0.49609375 0.5078125 0.1609375 0.32421875
0 0.3296875 0.5078125 0.17109375 0.315625
0 0.153125 0.5046875 0.1765625 0.3140625
0 0.84296875 0.8265625 0.17578125 0.3265625
0 0.67109375 0.8359375 0.16796875 0.32109375
0 0.5015625 0.828125 0.16796875 0.32109375
0 0.32890625 0.83046875 0.17265625 0.32890625
0 0.16015625 0.82890625 0.17109375 0.32265625