0 0.15390625 0.1734375 0.18515625 0.334375
0 0.33046875 0.175 0.17109375 0.33359375
0 0.50390625 0.175 0.1734375 0.325
0 0.66875 0.17109375 0.1640625 0.3328125
0 0.83984375 0.175 0.17109375 0.328125
0 0.153125 0.50234375 0.17109375 0.31640625
0 0.33125 0.509375 0.17265625 0.31875
0 0.50390625 0.5078125 0.1609375 0.32421875
0 0.6703125 0.5078125 0.17109375 0.315625
0 0.846875 0.5046875 0.1765625 0.3140625
0 0.15703125 0.8265625 0.17578125 0.3265625
0 0.32890625 0.8359375 0.16796875 0.32109375
0 0.4984375 0.828125 0.16796875 0.32109375
0 0.67109375 0.83046875 0.17265625 0.32890625
0 0.83984375 0.82890625 0.17109375 0.32265625