0 0.1546875 0.1703125 0.1828125 0.33203125
0 0.32734375 0.16796875 0.1765625 0.33515625
0 0.5 0.16875 0.15546875 0.3375
0 0.66796875 0.17421875 0.178125 0.328125
0 0.84375 0.1796875 0.175 0.31796875
0 0.15625 0.5078125 0.16953125 0.31640625
0 0.32734375 0.5015625 0.1640625 0.31640625
0 0.503125 0.50390625 0.15546875 0.32421875
0 0.67421875 0.50234375 0.1625 0.325
0 0.840625 0.50859375 0.16484375 0.321875
0 0.15859375 0.8296875 0.165625 0.3296875
0 0.33046875 0.8265625 0.16328125 0.31953125
0 0.503125 0.825 0.16796875 0.33203125
0 0.6734375 0.8296875 0.16953125 0.32578125
0 0.83671875 0.82578125 0.1765625 0.31796875