0 0.8203125 0.696875 0.29375 0.55625
0 0.4859375 0.7828125 0.175 0.3328125
0 0.31015625 0.78203125 0.1734375 0.32734375
0 0.1328125 0.7890625 0.1703125 0.31328125
0 0.53671875 0.6140625 0.1859375 0.3140625
0 0.3609375 0.6171875 0.17421875 0.30859375
0 0.1796875 0.6125 0.1640625 0.30234375
0 0.6078125 0.45390625 0.1640625 0.3015625
0 0.4328125 0.45703125 0.16640625 0.31171875
0 0.253125 0.45859375 0.175 0.2984375
0 0.6640625 0.29453125 0.178125 0.33359375
0 0.48125 0.29609375 0.17578125 0.3203125
0 0.29296875 0.27734375 0.1765625 0.29921875