0 0.84453125 0.60234375 0.2203125 0.49296875
0 0.45390625 0.67578125 0.09765625 0.21953125
0 0.3609375 0.671875 0.08046875 0.215625
0 0.278125 0.675 0.08515625 0.21796875
0 0.19296875 0.67890625 0.084375 0.2140625
0 0.1046875 0.68203125 0.0953125 0.21484375
0 0.5828125 0.56171875 0.08984375 0.209375
0 0.49140625 0.5671875 0.0828125 0.21171875
0 0.40234375 0.56328125 0.09140625 0.21640625
0 0.31640625 0.5609375 0.08515625 0.20390625
0 0.23671875 0.55390625 0.078125 0.1984375
0 0.1453125 0.56171875 0.0921875 0.21328125
0 0.6203125 0.4515625 0.09140625 0.2
0 0.65703125 0.35234375 0.0828125 0.2078125
0 0.68984375 0.2390625 0.08125 0.1984375
0 0.5296875 0.45703125 0.0875 0.20234375
0 0.446875 0.47109375 0.09921875 0.21328125
0 0.35625 0.46328125 0.07421875 0.20234375
0 0.2703125 0.45703125 0.09296875 0.21484375
0 0.16875 0.4609375 0.10078125 0.18515625
0 0.5625 0.3453125 0.0890625 0.19296875
0 0.4796875 0.346875 0.078125 0.18359375
0 0.39453125 0.34375 0.10234375 0.20234375
0 0.30859375 0.3421875 0.0921875 0.1953125
0 0.2171875 0.34140625 0.10078125 0.18828125
0 0.60703125 0.25234375 0.084375 0.20859375
0 0.5203125 0.246875 0.08515625 0.1984375
0 0.434375 0.24609375 0.0890625 0.2
0 0.346875 0.25234375 0.084375 0.20859375
0 0.25390625 0.253125 0.10546875 0.21484375