0 0.15546875 0.60234375 0.2203125 0.49296875
0 0.54609375 0.67578125 0.09765625 0.21953125
0 0.6390625 0.671875 0.08046875 0.215625
0 0.721875 0.675 0.08515625 0.21796875
0 0.80703125 0.67890625 0.084375 0.2140625
0 0.8953125 0.68203125 0.0953125 0.21484375
0 0.4171875 0.56171875 0.08984375 0.209375
0 0.50859375 0.5671875 0.0828125 0.21171875
0 0.59765625 0.56328125 0.09140625 0.21640625
0 0.68359375 0.5609375 0.08515625 0.20390625
0 0.76328125 0.55390625 0.078125 0.1984375
0 0.8546875 0.56171875 0.0921875 0.21328125
0 0.3796875 0.4515625 0.09140625 0.2
0 0.34296875 0.35234375 0.0828125 0.2078125
0 0.31015625 0.2390625 0.08125 0.1984375
0 0.4703125 0.45703125 0.0875 0.20234375
0 0.553125 0.47109375 0.09921875 0.21328125
0 0.64375 0.46328125 0.07421875 0.20234375
0 0.7296875 0.45703125 0.09296875 0.21484375
0 0.83125 0.4609375 0.10078125 0.18515625
0 0.4375 0.3453125 0.0890625 0.19296875
0 0.5203125 0.346875 0.078125 0.18359375
0 0.60546875 0.34375 0.10234375 0.20234375
0 0.69140625 0.3421875 0.0921875 0.1953125
0 0.7828125 0.34140625 0.10078125 0.18828125
0 0.39296875 0.25234375 0.084375 0.20859375
0 0.4796875 0.246875 0.08515625 0.1984375
0 0.565625 0.24609375 0.0890625 0.2
0 0.653125 0.25234375 0.084375 0.20859375
0 0.74609375 0.253125 0.10546875 0.21484375